Salary,Batting Average
14,500,000,0.309
13,000,000,0.259
10,000,000,0.301
9,500,000,0.253
9,000,000,0.298
5,000,000,0.247
3,100,000,0.216
2,062,500,0.33
508,500,0.296
502,500,0.216
502,000,0.625
498,000,0.227
496,000,0.25
490,000,0.189
20,833,333,0.148
17,000,000,0.068
16,000,000,0.277
12,500,000,0.311
11,000,000,0.038
6,000,000,0.279
5,000,000,0.115
3,750,000,0.258
2,900,000,0.243
2,525,000,0.26
1,150,000,0.254
845,000,0.04
560,000,0.246
515,000,0.162
513,000,0.273
505,000,0.333
504,000,0.267
501,000,0.17
500,500,0.237
500,000,0.192
500,000,0.305
19,000,000,0.075
18,000,000,0.089
15,000,000,0.176
10,000,000,0.192
3,000,000,0.093
2,200,000,0.333
1,300,000,0.257
1,250,000,0.27
825,000,0.27
615,000,0.336
560,000,0.162
516,000,0.244
490,000,0.15
481,000,0.275
481,000,0.248
480,000,0.136
480,000,0.21
